4 ,34

555 ·

w ο mmm-'uhab -⁷--v ⁷
4

¹ TABULAXX.

Parall0xis altitudinis apparentis Lunae ad 644441955445913
gradus supra horizontem.

7444414945444446444 Lunae *² ’ w·

,6544354 3593 955 53556 0563057 35753 53 ο
535954 4954 59 55 3955 59 56 99 56 59 53 49 5359
9535359 3359 5355 3355 535633 565353 33 5353
53555435 595555 3555553 56355655 55335 5355
9535 5954 3959 59 55 3955 54

55593454 935493

55

59· 43 55 93 55 49 56 39 56 491

543 55 465 5696 56 96453 96 57·4

3555 5555456 45634
59 3359 5655 3535553 5643
959 39459 9955995649

5613 5747
054 9954 4055 95533569

5637 577

99 53 3959 5954 3959 5355 ”3955531356 36 56 ’

55 0
44 52 56
²¹4 54 23
15 52 5

43154 49151 965 55 46 54 4754 465545 55 455644 5644

55 555 5554 454 3355 35 55335 64 5633
5² 5² 54 ²² 55 5154 4454 49 554915

53 3455 354 3354 65456 55 55539 563

47543754 454 5555 45555542
45543354 5453 4953 4653 465345
4954 3543 3533 659 3353

39394454 455 4 4453 8 3 36

4445444 5510Δ
3553 54395 5456

965453 ”35 3953 59155 3955 59149954 96 5593 55 45
155 5053 55 54 3ο

5³5

4 54 654 6454 5954 375 54 55 554 445447 5544
45494454 950 5754 551 535459 54455454
492549'4850155045551055 4 45251
35 965 9 3449 455 0 44549 44545953 6

3959 35559 5554 3459 4953 335 534353 954555
1 111
5459
5333
3643 3945 5449 3949 535 59 39599659 44 54 99 54 3
4 9393 399 5949 949 4959 5459345446154151ῐ41 .
3647 4943 343 3549 449 3649535449 5946 544
3943 4943 4944 593 3349 55 49 34949 50 50 43 59 43
, 3496 4694 9343 44443 443 5943949 22 49 45450 41

 

562156 515721 5751 '·

543 5646 ,

5439559 5525 

