‘159 ’
74474444 xx.

Parallaxis altitudinis apparentis 147677 ad fingulos quovis
gradus supra horizontem

Ε.1Μ..51Μ.3..1Μ 531Μὼ .ΙΜ.5.1Μ. 5.1Μ. SlMMSiWMS

6777 777 77 77 7777 4777 7777777 77774777 7
6776 7776 77776 7776 7477 7. 747·7777747 47 7
,6,7 4 7674 5525 4776 476 162651264426592514¹

44474 4474 77744 4474· 7474497447] 6 64646
647 7 ’4777 7774 64 7774 774447
6777 4777 77774777 777 777777

245825112525
24 47476 7477

, 6944 7444 4449 47 49 4476 4747447676 20572047

66744 1.444 6777 4477 467744744617447. ,
67 4 774 79174 4674 5222 47744. 77777479
6746 4476 420 46 20 46 0 4774 4774 ,6744 7444
76116 77141 4714114746 47144 9144 49179 7974 46144 50

166646 446 47 46 7 7674 764976474647

7117 351
4776 44
7444 *4611151

4447 4447 447 4444474477. 47474744“
46146 44147 Ι7147 47147 77177 76177 47

44744444 1'159151815561534154215511559

7513 4744 644 74 44 47 44 794447

44 515 4444 4744 7644 521540154751355141 .

44 58 7444444 74 4747
46 44 46474644 464744 4

9 43 949 954 95910 4

44 4444 7644 7644 47
10 4746 ,476 4646 44

923928933938

’11147 747 4647 2212 79147 4447 44 47 494 4674 7 ·
ἔξ
4ο

74777777746744744.17464447774
77 4777777617767
77 7
74 7· 6
77 1

6,
44

5
4

 

7447747777 7 , -

