5877777777.
*mm-*W
1“ 7 o 57 7 4175757478 77577 748675 77
47776 777 75 7 22014 77444
4747477775 97777497477
77777 77 645 75 7 775 74 7777 77
‹23116·19'155213141613
auu-‘mmmm

23Jupiter.

ς 7 4 76 77 7ο 74677756 ,7377 ,77847 ,7ο

1735777467 15'012224819'
77777 77 77 74 77 777 77 5419
1457774777756777707714
77777777747917473577Ὶ

J Mars.

ὢ87 514 9
0 47 7 77 9
0 75 130 9
ο 79 0875 9 78

77 4 7,· 77 74

4 8 5¹ ²2 49

7 57 8 42 77 13
7 77 78 8 38 18688

ῼ Venus

7 47 477 7777447744 764 7

w
776 45 77 77 7779 7175679676 1 51
77·76557777ος87447265ῐ47

44Ἤ787771777777879179646
497747777474797777777747,

) ‚5172621w393300552v232152

ww

7 Mercurius.
...μ-,Μ

mm-

120 44 1 525344‘2A1 74Δ6 5 ¹5
720 51 116 47777 776 20 77 547
47ο 46 117 77 74 023 77 54 558
77776 46 776 77 47 7777 7477 67

3 79 4ο ο 77 77 7778 57 74 74 5 2⁶.
. 441 ’ ’

 

