40⁶4 ‘''TABULAEKANETARUM

Τ A B U L A Ll.
aberratio Pl041414414414 inLongitudinem Β 19144464994119944·

fionem 16961994, Θ Declinatiouem.
&Tabulis D. De la Laude.

, ffffi 144 14494449, 1111194419 1119449449 4 Tellure, 14999644 6111444314
Terra 4 Sole ι· 49.

040 47 44 54 64 44 94
444 44 49 95 44 94 444
646 34 47 46 94444 444 414 479449
, 40 44 64 44 494444 444 162143'204

44 43 65 47 493 449 454 479 495446
4446 69 92115138461114407230
444 49 7³ 97 122 446 479 495 349444
44654 74 403 449454 449496474 457

424 57 85 444144 170 199 447456 284
444 59 49 449 449479 499 443 463 293
v 494 64 94 4444464444 ,44 4494449444

456 65 97459464495 44 7 469494 345
449 69494455469499444

444 79ῑ96444476 ,44 449494547554
443 75446446444449 256 494449765

454 76444454439447466595344 379 · ’

456 73 443 457 496435 475 344353 492
20 94444 464495444 444

24 84 446 469 449454 494 336 377 449 -

4 36470475446469 593 3446399433
244 39 434479 445469 545 357402446
416 94 4594444459 746 444 363 444460

1. 669944194944 144449 44169 441 9969949449614444494 4441446999 vernn 4141 sume 4 1696-

ἢ 44 4494949 01h4144444 9619444944 111 9414 44041401444411444441141'1441214L0441144d
944619946944944 4961944914 4114961749, 444414449ιά96 41991144 419 94919944.

111 contras· 440141.dirn41Plane111 in Long. 4411 6199414944· 4444961444 11949449444644
469444τί9499 144 4444954144 444 4914419449 9619444444 444 96414944 494944, 4414 addend

1144949444 veram, 441 1446944 9461944494
11.469444419141499444444441441449144944,6999114941999444 941449 911, 6149494119
994911. 111 94194114ν94999949444444144694414494 4449444444 6144444414 144. 6411991. 4119449444
4446544949 46666941 omnino debet 99996119 469 914444 94414 ex 1449 146441914494444.
*mn-QQ

4

 

