Ι466
TABULA XX.

Parrauaxis 4466464644 4749446666 Lunae ad smgulos quovis
, gradus 467444, horizontem.

η 464444114κί4 6664664464 Lnnae. .

3⁸58! 033'581301'1591 0611596 30611601 03‘160130111611013⁸611203q62. οι
6444 644 4549 4449 4544 644 454446444544 4
6444 7444444 4644 5649 549 494974494640 9
6447 4447 4747 4447 5544 44644 44 74 4444 5449 6
64 46 mxu saxu 4777 647 47447 47 47 44 47 ux„ 8
445 4545 4445 5446 446 4746 964644465647 9
6444 4444445544 4444444 44454545544644

'⁶7²2 69 4 4944 444 4444 4644 44 44944 444 44
6821 4944 5444 544 4644 44 44464454
694ο 4746 5444 944 4944 964 ,4444454
47069 5646 646 4646 4646 564644 4654

312312
22 1 7712

6644 45 44 47ι49 5944 4444 444446444445 64544
ιι ιιι ι444ι4446

46 54
445 54
, 745

73 ¹7 32

46 44
45 44

47 647 44
46 646 45

0¹5 715 Ι5

17 4
46 44

¹5 23

47 44
46 46

13 39

445447 54444
46494654444
45444555464

¹ 74144 54’49 449 44149 4449 44 49 44 19 54 46 44646
,74 47 5544 444 44 44 23¹1} 44ὶ444 lxm 5131259k19 8

4644 444 444 4544 4444 4644444445445445 6
4744 445 444 4544 4444 49444644444444445
444 444 944 4544 4444 444454444644464454
7944 444 ,944 4544 4644 47 44 44 44 4944 4444 49
8010 446 946 4446 4946 45 4646464546464646

6 6 23947944947944
8 8256698368 38
ξ1726729744
6

*anoton-³ ωᾳρᾼᾼ

‹bv-*329⁴* taen-qeosso

5
4
3
6

50:000-

 

