, ’ Ι,88415

ι TABULAE PLANETARUM

4, ᾩΜιςκσυιιυε.

. 7777877787. ·“

Epochae motuum mediorum Mercurii.

Μ
“’ 87878(877498878880570888888787884788888. ,

’Ῑιοειςίωὰοωεὼ LocusAghelil. LocunlNodi.

ῘἬΠΤῖΠΗ s. c. 74. 5’

8778 Ι8778977 884 758 ,
8778 1021 54 49 884 988 ·

74. 8777 87854777 884 89 88 885 48 57
8778 78575 88 58488 58 8854448
8774 Ι47844 8848888 8854589

mm*

. 8775 6 85855 784 85 77 885 45 7ο
B. 177⁶ 7884979 784 85 57- 8854788

8777 922 88 5ο 8848788 885 48 88

8777ι 888578 7848777 885498

8779 8 950 84 8848958 ’8 854958

——u—-u—-fflffl

B. ,8787 8 788 55 8847878 885 5ο 44
8788 5 877 5 8847758 8855885

8777 5 75 587 884 77 58 88558 85

8788 888 48 48 88475 88 88558 86

888. 8784 808577 87 8847598 8785547

..ι-ΔΜΜ-Μ

l 8785 88477577 784 77 57 8855458
8786 2 4 384 88489 88 88555 49
8787 8 8774545 8845ο58 8855689 .
⁸· ,8788 5757577 784 98 57 885 57 8ο
'¹789 7898889 884 58 85 885 58 2¹ ’

mua-mm

' 1⁷90 913150 7847478 8855784
8798 886458 8847558 88608
B· 1792 847745 7847487 885858
8798 τ 7788555 7844747 885844
8794 47777 ,7849957 886755

..mm

8795 6854988 8844887 885 775

' 6· 8796 888878 8844778 885487
’8797 8078587 88445574 88554

8798 0 85877. 7844584 885 558

’ 8799 88448741 8844577 885549

..Ea-1⁸00 8888445 7744757 8854471

u-——ss-m ..mn-mn.. *a unu-›-

 

