⁶¹¹ 22322223. 2222222236 4 ·

94622223

s 1 2

TABULA XXII.

Epochae motuum mediorum Veneris
’ Anu (4226622222 2632 Cumarum 2222222. ι
.....,.--,.-.....----------..-....,..

[6224222216 media. LocusAphelii. Locus 14664.

*ιη-...Μ

3622. 3. 336223. W

11· 1293 229339 2963242 222332·
2269 5225223 2663924 224432“
2226 243326 2664649 22452, ·
1711 3232625 26642 6 224 539,

Β, 2222 49262 2664332 224623

*nau—— · ..-ἡ ..ιιι-*ιι*

2223 22 22 32 36 10 64458 214,⁶4⁷
Ι 2224 292459 2624624 224222
2225 2242222 26 64256 224 222.
. 2226 2626364 2664926 224329·

2222 5252333 2665642 22493ἒ·

2244 226222 266523 224937.
2219 ,2242632 2663234 ²¹4¹0¹¹·
B 2226 422226 266556 2141045
2222 2226 936 2665626 11411191
2222 226374 26 65222 -2—*141153

2223 2254432 26 65923 1141711 3

B. 2224 262239 262644 1141314
2225 52655 32 26 2 226 1141135
’ 1726 22243 6 262 32614149
2222 3262635 26 2’2 2 1141443

*ww

Β. 2223
2229
2226
2232
11· 1732

2233 ’
1734
1735

. 2226
1737
2233

4 22 2422
22 27 42 4ο
7 11 19 9

222 26 32

2 2225 22
323 246
42426 26

207638
267754
262926
26222246

22292345 2

’114113

224 2522
2141561
224 26 25.
224 26 29

114 19 494
24 2623 Ι

214 26 22.

 

