1288824418.

Augmentum Diametri horizomalis Lunae ad quinos 216·
tudipum 4226222 supra horizontem.

. 1882222222 hortantum Φ.

,ιι-ι.-

0221.υῂ ’0Μέ ’88842518822251818·2οεΙ4222.οΞ.Ι8222425.1,442222 81442228

’ 0160120222
5 2. 26 2. 42 246
’- ¹0 *50 6- 41618
. 25 ’4224842452

25 22. 46 22. 28 22. 52 24. 26 24. 2424. 46 25. 22 25. 48
’ ao 24. 56 24. 44 25. 2425. 5426. 84117. 26 87. o 28. 42

had-mmm

25. 58126. 42127. 28 28. 14 19. o 19. 48122. 481 22. 28

’ 2619. 42 9. 58 10. 24 2ο. 52 22. 26422. 48 22. 28 22. 48

27. 5428. 44 244426. 2622. 28 22. 22 24. c 2'4. 4
19. 42 2ο. 46 22. 4222. 28 24. 26 24. 26 25. 26 26. 28

minumum-*Q*-

ςό 28. 2622. 26 2426 24. 22 25. 22 26. 28. 24. 84 28. 4ο

35 88582888 285626. 2127. 4 28. 28129. 2214642
6ο 24. 8 24. 24 2622 27. -46 28. 42 2444 42. 8 42. 24

Q

- - 65 212426. 24 24. a& 28. 48 4ο. 2· 42. 2ο 82. 461 83. 5⁸·

⁴10 2.·-2ο 27. 22 28. 86 29. 52 42. 882. 28 88· 48 :es-1
25 26. 342³· 1022 2220-42 22· o 22. 22 22. 44γ 262

24. 46
24. 52

292 280. 20 82. 42 4. 4.
29· “,8’,42. 26· 82. 48 44. 10

34· 2⁴
³4³ 32

- 85
90

35⁴50 37· 18
46. ο 87. 26

4012426128. 42146. 2242. 28 4248144. 2145. 26 46. 52

ι
ι
ψ affl* mn· ἓ ...aaa Ι . .
’ v

 

