253

0040054 xic:

Α 120551105ιί5 'altitudinis apparentis Lunae ad finguios quosvis
gradus supra horizontem.

9050155515 horizontalis Ι unae.

,

05554545454405-Γ40500540-500-

0550. 0445. 04 MWWS
0050 5450 4055 055 0555 00500450505050504 “

50 205ο 5252 2352 42 52 35234

49 5049 4659
49 5050 09504450 955 9455 0

43 3049 449 00
0440 440 0040 5049 5040 4050 05000505055 00
05 45 0040 5040 5040 4049 040 50 49 5050005040

0046 55140 5046 4040 040 00 40 56 40 540 44150 0

33

35149 4040 94514440 5955 05155 5152 0650450 ⁸

0046 0040 45 40 640 0940 5440504045 40 54900
5045 4546 546 0940 5540 56400040 0405 4050
0045 545 00 45 5546 5446 0040 040 04404040 10
4044 0544 4045 5545 0045 5640 5040 4040 540 50

440005Μο005η40000000464
440004Μο 005Νο900009009
40 040 040 90054Η5 004904

42 42142 342 25424743 943 294350

4224424

40 4544 044 0544 5045 5545 0046 046 004046
Α11511140 0145 5511

4009 32 39 5340 0440 00 40 5540 5545 540 5540 06
4003 4939 939 0939 4940 914009404945 84500
4933 000 5030 4049 009551394240 5405945039

46140 5640 5040 5045 5045 4045 5450 50404 40 4
000 0000 0500 55 Ι 55 00 0000503950 09000950

5505 4506 0560906040 5 00000000
004 5405 0005 000 05 4906 00600 0005040100 ⁶26

35 33

5404 5040004 4504 59555 450
500 5550 0000 5004 0
50 00 0505 40 00 50100 0500 00504904 004 050440
50 05 06 05 5505 000 54105 45100 5010054100 0000 46

3533 5352

34 4¹ 34 59

506 000 06 4000 040 00100 4050 500 541400 554 0
04 041

037 23
35151

50004405 405 5505 05 0 4000 00 50 05050555
5009 5050 000 00 00 00 00 5000 005 5405 4005 56
0059 009 509 0009 4500 00005000000455001.
'mm-*w*

 

3752329 .

