138

1000440100 Abantionum maximarum 40 40104104 Abeuntionu. -
549444 argumenti 44444440 404444400044444.
sunnam descendendo 0.
0000 descendendo VI.

0004444104404 manum Stenarum.

04 04 044 040 040 044 048 044 086 0 4ο
44 04 044 040 040 044048 084086 0 49

’94 04 944 945 449 844 4 44 444 645 6
403 97 9¹¹ ⁸15 819 723 647 631 535 5 40

049 044 u286630 4444 12
ι94 44 644 444 448944440 444 4444 ιι
404 87 511 448 048 8 44 04 40 440 444 8 10

„2
444 74 444 444 444 ἰἆᾶῐ

..l-—u—fflm-...affl-——u-2—Q—

458 77 210 914 548 444 745 449 0447 5
403 67 210 844 448 0440 4

293 57 040 844 1¹7 544 044 5 48 044 8 4
404 50 940 444 944 840 8 ,4 4 47 444ῌ 410
’Δ ’ Adde as nd nd
xi · subtrahe 0104000400.
5044404440044444444444401444444404444444 '

unuw„ 91Ηο ιιῗιίκέαὖ 040444 0 4040441 1 plumat
t demvm: 110001101104εὲιι ⁸⁴·th 1 {mu
ι ito-inim 40 Tabam& 444 οι lun, vei triplum 0404 9441444104 9ιιο44. Μ

m,-

 

