Ἣ· 24222222· 0222222222

4 R Vnnu&

TABULA XXIII.

Motuum mediorum Veneris 920 ,422921ἰο Annis.

ιιι-...Μ’ Ιι

-ο--ψ-ιη--ι--ῠ-ι--ι--α-

. 91 2222520 022026 005254
. 92 627 22 57 022252 00522
,99 222623 022522 005242

94 9171354 022444 005326
95 52222 022620 005950

mom-mmm

NB. 96 022 22 39 0 227 36 0 05424 = ¹
97 292222 02292 005452 ·.
92 9275956 022023 005592 ¹·
99 22 247 25 0 2254 ιο0566

13. 200 629 222 0 22920 005620 -

mmm

C.100 627 3454 022320 005640 ·

Cf 200 2 5 923 04464ο 013310 ’
. 7224222 0720002500
211 55 44 022200 024040Ι

0264429

029 -659 ο 79520

’0222969 01890 ο
μ

122000 22 ,9 92 43 117 4⁶ 37

C 9000 522 39 59 ’2113256 0222956

14.- 4000 22 29 27 26 363315 Ι174634
0.5000 5 22 22 49 229 26 34 ’2272213

Β 6000 22 22 56 9 422 29 63 2262952

-m-n-——u—

,.C. 7000 ' 5 27 37 26 329 27 22 0 6-ι690 “
Β. 8000 11 28 54 52 622 690 22333 8
C· 2000 222 20 2 242242 2242247 “·
ῒΒ. 20000 22 23 22 25 742252 2 9 42626
2. 20000 u 26 27 20 2024016 6 22222 ;

m-

 

