. 40500· .
TABUL'A XX.

·Parallaxis altitudinis apparentisLunae 'ad'smguios¹ quosvis
gradus supra horizontem.

Ξ, Ρο401140430 horizontalis' Lunae. ' ¹
04’0”’Ιο4· 004030 ’100 οο 106 0”016’ 004030 ’Ιο ’000’14’0”

mmm—Eun*

1“’““3“0034““ῖο“034“ῖ“0ῑ44“““οΤ04“0“0404..0444. 0..οΜ 000 00040.

mun—pn·—

00464640 00 00 0040 440 0040 06400 040 40 004
0046 646 40 40 040 0040 0040 0000 0049 064040-
00400646 004ἓ οξ40 040 0040 0440 0040 4440 00
40 0

3345 17
4444 45
35 44 13

45 41
45 104
44 44

46 0. 46 0040 0040 4040 004000
40 0046 0046 4040 0440 0040 4
40 0640 0046 00446 4040 040 00 ·
3640 4044 044 0044 0440 004 40 4046 646004600·
00 40 440 0043 0444 00444000 640 0043044600
· 040 0040 0040 0940 4444 6440044 0440104040

’ 39 41 57 42 2142 4444 343 31 43 ’55 44 19444345 ’5

4941 21241 4442 742 40 42 53 43 1743 400435744415 ,

m—*ffl '

¹ 4140 4040 0440 0040 0040 00400040 040 004040
4140 040 0040 00 40 0040 0040 040 0040 0640 6»
4000 0000 0040 00 40 0040 06400040 40400040 04ῑ

4448 4000 0009 0000 00 40 00400044 040 064040

4000 0000 00 00 0000 14 00 00 09 00 40 00440 4040 0

00039 42
00000040
00 40 0 0
06000010

4006 4030 1047 0900 00 00 1144 000004
4006 006 00006400 0000 00040000

0 000 4006 406 0406 4400 0000
0044000 000 00004006 006 000600

4607 0000 0000 4400 0000 0000 0400οΓ 0640 06

ἔζη 0400 0000 0004 00040 004 44 000 0400 40
004000 0000400404 0040004060404

0000400400ος

00404000 000000

5431 44
55 3ο 8

32 000 0030 4742 33031
3113313331493-

3643ο ¹230 2440 430οι 090 49οι 00 31 54 00 930 25
5⁷1292429 4129 00000 0000 0000 46 00 0οι 000006
3303 3703 52 9 909 4 9 40 09 6⁶30 40οο0 0944 ,
6927 4903 300 0003 0400 5029 629 04093709ςο

0
6400 007 00 00 00 00 40400 000 40 00 9000 140 09 ο

K4· ’

51ἱ33 ΞΒ,3259ι34 1334 3734 0600 1535-*114x351353136123630

 

