. 364
Ecliffis Solis die Allr. 31 Martii 1764 a R, Ρ, 4414475455
falla Tyvnaviae 5566 dioptrica 5 ped

75111955 Β14115 1255144115 055411 vig. 55611475 ΒιΜι
verum. 5645111. mamert obscur· admneitnm. 4454115

Η. M.s. D· M. H. M· -ὓ, M. 1111551566. observ.

11114. s.
.- {2¹22st 4⁴⁰ 84555 5517 oso

221914 1034 551 55 71 ι ο
338028 ¹156821 3959130
353655 1337555 444555
3621116 husu 455755ο’
5517115 176156 54147 5 ο
402ο 135 1545751 55 5555
439151 ²05³ 74515 5 2 4 ο
441155 2417771 65446
45 5 1 4, 2515 717 1021 5 0
47 43 224 2616 711 14‘24 556
4356235 2921651 491766
518247 Ι , 5379656
5457 515 3155 054 5549 7 0
5545 515 1455615 5546755-
551550 5555 611 555155

15555556 5554 555 47 9 545
356 416 39 44 546 15555ῐῖ16655
5 4 421 40 59 536 4151445155
725 441 4155 516 ο 554 556
654450 4340554 161956

· 551450 4445 515 5556 756

,105655 455455 575576·

- 1525 554 4641 457 3245 630
1526 556 4655 456 5755156

.16‚54 546 ,5155 444 415⁶ 530·
1336556 5419416 4555516
,1137615 5614352 5037430
23 1 627 5516 4 6

5515641, , 5940330 ·

,5627649 2021114230‘
2315656 555250 454556

294877 22 1246 2'0

3145721 ‘. 2 476136

5546740 112528 715516

37337148 124620 249030

5551751 1555155
4ο 57 516 15 ss 1571 ¹¹· ’,ι’
44 3 821 17 0 430-Μ557551119451156515Ρ115453555
50 30 546 18 47 ¹¹5 514441565546615,,555444
5515 546 2150 ο 55 Exin-itiossfinem. 535965
5452 351 23 g 041 EX metuitflnu. 2356766

’ ,1515 355 7955111655

Μαι-...α

 

