, ..2

1561

TABULA'XX

Panll'axis altitudinis apparentis Lunae ad fin‘gulos qbosvis
gradus supra horizontem. ·

415695 9”169’ 69”169’ 9”169’69”1 69’ 99169669167691679969166969

5661 ⁵:53 56 1565115111· 5615 6515116115
96 46 66 66 6464766
611 1111 1419 16619 69 69 69169 99 69 66 69 96 69 66
497 9766 7966 4969 7969 4766 79666767 676769
667 4669 9669 4669.5 9669 44169 96694669 96694

767 6466 6666669 469 6669 61696 6669 616966

64 6766 6669 66696669 6696669 96
66 1758 4769 76 59 4666 ¹5 69 4669 74
69 769 6669 6696669 4696469 6

57 55
57 47

6157 4766 7766 47 69 7769 49667616646677616746
126157 671

’11111 ’1

96 66 44167 9467 4669 9 69 4969 9969 4969 9 99
96 66 99166 6967 99 67 6769 969 69 69 66 69 646996
1466 96166 4667 ’9467 46 66 7769 46 69 9969 9969 9

99 66 66167 6967 6669 66169 66 69 6469 69 69 991169
9666966 9967 967 6967 6769 67169 6969 646964

69 49 69 96
69 969 66
58 6 69 96
67 47 68 94

97 66 -1966 6666 6466 6667 99676969 9
99 66 9966 6966 66 6667 46769 699
99 64 6966 9966 4666 9466 4667996749
99 64 99164 6966 96166 6666 6966696799

w4

66 464 96 64 4966 966 6766 666 667 96767
66 6666 4964 9764 46
66 6966 96 66 6464 99
69 6666 966 99 66 66

3
24
²5

56 16564166 9 69667 6
54 495696664496766696
649 9544966 966649 669

1116166 9166 6466 666 9966 6646616449694164
769 4966 9666666 66666 66464 96447644
1

691641 964 67166 666 66166 9669966 767 6967 69

98519596959 559 ³252- 5853 94575164175414
9969 4769 9969 9669 969 9996 6467· 996647

10 50 1450 4951 ⁶51 39 51 51159 4950 1113

5165349

 

