‹an-

11167

’ 7111111111 1111111171

- 2³Vznus.

11111111 111111.

Epochae motuum mediorum Veneris,

‘1739 1114141 1071114 1
Β. 1740

1741 5 29 39 41
1741 1144716 10 71611 1141111·
'J

1741 0 045 50 10 71610

1746 7153119 10 71116 11415 29

1747 ss 010 48 ¹0 733 41 11416 1
Β· 1748 ¹10164424 1117368 1141637

1749 6 11151 1141711 ’
17611 1161911 10731 ⁰ ²¹42745.
1751 9 ι’ ⁶50 1073916 - 1141119
Β· 175² 417 7016
’ 1757 o 11755

mmm——

1714 ’ 717114 111161
’1711 3 13153 ' 1143031
Β. ,1756 10111619ι 114 41 9
175⁷ 6 1 sss 1147141,
1758 117 ,11 17 2 11411 17

‘ww-m m

' 1759 913156
. 1760 419 231
1761 o 350 0
1761. 7111719

. 10194193 10 751 4 1
1761 6 416 2 10 71116 1
1766 11919 70 10 8 056

 

