,11111111
Εροε11111141114111 mediorum Martis.

1411141 61111114111111· 0114111111 mun.

’ , ·. 1114141111141 1141414111.. Luem Nodl.

7 1719 1161119 1 11114 1171911
1 174Ο 111411 111411 117411
1741 ’ 141114 111111 1174019

1741 ,91111114 1 11614 11741 1

1141 . 411111 111146 1174141

m

11. 1744 ’1411444111 111111
1741 411 119 1 119111
&1746 1161117 111111
, 1747 1171147 1 11114
Ι1., 1741 11111414 1 11146

ww*

1749 6 ¹04¹ 11 1 114 18

1719 1111141 1 116 9

1711. 7 11111 1. 11711

,1. 17111 111419 111111
’ 1111 · 7161111 1119141

Γ-ηὺῄ-ω--μ-ι- , ,
.· 1114 111141 1141116 111411

1111 1111117 11411 1174111

11- 1716114414 114111 111499

- 1711 111141 111411 1114141
1711 1111111 1, 141 44

, . 1711 ιο 416 1 1 ι14611
⁸· 116Ο 4161411 11411Ι
· 1761 1141174141, 1149614
, 1761 ’111111 14-11οῚ1ι
1761 111116 7 1 11141
-ιὲ-ιιιι-ιι-ι-

114 1764 ι61444 111114

1761 .ο,11,1111 11146
ἑ 1761 614141 111117
, 1141 ,111611 111114
-.1- 1764,,1114441 111141
1. 1769 ,111117 111411

,ι Μ

 

